8 3 6 7 4 9 5 1 2 
5 1 2 8 3 6 7 4 9 
7 4 9 5 1 2 8 3 6 
3 6 8 4 9 7 1 2 5 
1 2 5 3 6 8 4 9 7 
4 9 7 1 2 5 3 6 8 
9 7 4 2 5 1 6 8 3 
6 8 3 9 7 4 2 5 1 
2 5 1 6 8 3 9 7 4 

3 2 1 9 5 6 7 4 8 
9 5 6 7 4 8 3 2 1 
7 4 8 3 2 1 9 5 6 
5 6 9 4 8 7 2 1 3 
4 8 7 2 1 3 5 6 9 
2 1 3 5 6 9 4 8 7 
6 9 5 8 7 4 1 3 2 
8 7 4 1 3 2 6 9 5 
1 3 2 6 9 5 8 7 4 

8 2 6 3 5 1 7 4 9 
7 4 9 8 2 6 3 5 1 
3 5 1 7 4 9 8 2 6 
2 6 8 5 1 3 4 9 7 
4 9 7 2 6 8 5 1 3 
5 1 3 4 9 7 2 6 8 
6 8 2 1 3 5 9 7 4 
9 7 4 6 8 2 1 3 5 
1 3 5 9 7 4 6 8 2 

